  File: kmitl-com-org
  Size: 4096      	Blocks: 8          IO Block: 4096   directory
Device: b302h/45826d	Inode: 260241      Links: 8
Access: (0755/drwxr-xr-x)  Uid: ( 1000/      pi)   Gid: ( 1000/      pi)
Access: 2023-01-30 16:51:54.492525226 +0700
Modify: 2023-04-03 14:51:23.198512957 +0700
Change: 2023-04-03 14:51:23.198512957 +0700
 Birth: 2023-01-30 16:51:54.492525226 +0700
