  File: L2.4
  Size: 385       	Blocks: 8          IO Block: 4096   regular file
Device: b302h/45826d	Inode: 276997      Links: 1
Access: (0644/-rw-r--r--)  Uid: ( 1000/      pi)   Gid: ( 1000/      pi)
Access: 2023-04-03 18:42:25.909998925 +0700
Modify: 2023-04-03 18:42:25.919998925 +0700
Change: 2023-04-03 18:51:01.459998728 +0700
 Birth: 2023-04-03 18:42:25.909998925 +0700
